dirtyCache=false
sortingAscending=true
sortingColumn=-1
table_col_0=0.0153022185
table_col_1=0.65952563
table_col_2=0.1400153
table_col_3=0.20045906
